WGS84 UTM 36N
406085.553 6170547.408 118.076 1909 662 DJI_0310.JPG
406085.553 6170547.408 118.076 1953 1131 DJI_0311.JPG
406085.553 6170547.408 118.076 2001 1600 DJI_0312.JPG
406085.553 6170547.408 118.076 2057 2057 DJI_0313.JPG
406085.553 6170547.408 118.076 2111 2512 DJI_0314.JPG
406085.553 6170547.408 118.076 2429 2571 DJI_0280.JPG
406085.553 6170547.408 118.076 2443 2237 DJI_0279.JPG
406085.553 6170547.408 118.076 928 1694 DJI_0255.JPG
406085.553 6170547.408 118.076 886 1236 DJI_0254.JPG
406085.553 6170547.408 118.076 840 758 DJI_0253.JPG
406085.553 6170547.408 118.076 795 293 DJI_0252.JPG
406085.553 6170547.408 118.076 3472 2215 DJI_0221.JPG
406085.553 6170547.408 118.076 3497 1862 DJI_0220.JPG
406085.553 6170547.408 118.076 3523 1456 DJI_0219.JPG
406085.553 6170547.408 118.076 3549 1062 DJI_0218.JPG
406085.553 6170547.408 118.076 3578 685 DJI_0217.JPG
406085.553 6170547.408 118.076 3615 300 DJI_0216.JPG
406219.544 6170487.534 117.541 2757 327 DJI_0314.JPG
406219.544 6170487.534 117.541 2804 799 DJI_0315.JPG
406219.544 6170487.534 117.541 2856 1264 DJI_0316.JPG
406219.544 6170487.534 117.541 1590 2719 DJI_0275.JPG
406219.544 6170487.534 117.541 1599 2323 DJI_0274.JPG
406219.544 6170487.534 117.541 1613 1913 DJI_0273.JPG
406219.544 6170487.534 117.541 1623 1477 DJI_0272.JPG
406161.126 6170444.479 117.515 3459 197 DJI_0312.JPG
406161.126 6170444.479 117.515 3497 672 DJI_0313.JPG
406161.126 6170444.479 117.515 3538 1146 DJI_0314.JPG
406161.126 6170444.479 117.515 3580 1606 DJI_0315.JPG
406161.126 6170444.479 117.515 3629 2060 DJI_0316.JPG
406161.126 6170444.479 117.515 2575 2191 DJI_0259.JPG
406161.126 6170444.479 117.515 1955 2205 DJI_0218.JPG
406161.126 6170444.479 117.515 1969 1835 DJI_0217.JPG
406161.126 6170444.479 117.515 1986 1463 DJI_0216.JPG
406161.126 6170444.479 117.515 2004 1115 DJI_0215.JPG
406043.604,6170505.052,117.40,2908,421,DJI_0218.JPG
406043.604,6170505.052,117.40,2890,826,DJI_0219.JPG
406043.604,6170505.052,117.40,2871,1245,DJI_0220.JPG
406043.604,6170505.052,117.40,2850,1609,DJI_0221.JPG
406199.778,6170539.616,117.35,2037,1200,DJI_0315.JPG
406199.778,6170539.616,117.35,1992,716,DJI_0314.JPG
406199.778,6170539.616,117.35,1937,237,DJI_0313.JPG
406199.778,6170539.616,117.35,1042,1778,DJI_0259.JPG
406198.261,6170377.141,117.82,931,2036,DJI_0216.JPG
406198.261,6170377.141,117.82,924,2408,DJI_0217.JPG
406198.261,6170377.141,117.82,3484,1048,DJI_0258.JPG
406198.261,6170377.141,117.82,3535,1475,DJI_0259.JPG
406081.978,6170388.068,117.61,1064,1786,DJI_0220.JPG
406081.978,6170388.068,117.61,1074,1369,DJI_0219.JPG
406081.978,6170388.068,117.61,1081,964,DJI_0218.JPG
406081.978,6170388.068,117.61,1091,568,DJI_0217.JPG
406100.288,6170641.896,117.80,510,1559,DJI_0312.JPG
406100.288,6170641.896,117.80,577,2015,DJI_0313.JPG
406100.288,6170641.896,117.80,644,2473,DJI_0314.JPG
406100.288,6170641.896,117.80,699,2913,DJI_0315.JPG
406012.886,6170449.777,116.78,2415,1261,DJI_0252.JPG
406012.886,6170449.777,116.78,2446,1723,DJI_0253.JPG
406012.886,6170449.777,116.78,2035,1091,DJI_0221.JPG
406012.886,6170449.777,116.78,2048,722,DJI_0220.JPG
406012.886,6170449.777,116.78,2483,2182,DJI_0254.JPG
405995.006,6170599.982,117.75,1259,2151,DJI_0310.JPG
405995.006,6170599.982,117.75,1314,2610,DJI_0311.JPG
405995.006,6170599.982,117.75,3258,1214,DJI_0280.JPG
405995.006,6170599.982,117.75,3282,861,DJI_0279.JPG
405995.006,6170599.982,117.75,3307,453,DJI_0278.JPG
